# This data is from the Supporting Information of Kandler et al. (2011), see https://doi.org/10.1111/j.1600-0889.2011.00550.x
situation	wavelength (nm)	particle diameter d (µm)	0 <= k < 0.000025	0.000025 <= k < 0.00005	0.00005 <= k < 0.0001	0.0001 <= k < 0.0002	0.0002 <= k < 0.0004	0.0004 <= k < 0.0008	0.0008 <= k < 0.0016	0.0016 <= k < 0.0032	0.0032 <= k < 0.0064	0.0064 <= k < 0.0128	0.0128 <= k < 0.0256	0.0256 <= k < 0.0512	0.0512 <= k < 0.1024	0.1024 <= k < 0.2048	0.2048 <= k < 0.4096	0.4096 <= k < 0.8192	0.8192 <= k < 1.6384		1.48 <= n < 1.497	1.497 <= n < 1.514	1.514 <= n < 1.532	1.532 <= n < 1.55	1.55 <= n < 1.568	1.568 <= n < 1.586	1.586 <= n < 1.604	1.604 <= n < 1.623	1.623 <= n < 1.642	1.642 <= n < 1.661	1.661 <= n < 1.68	1.68 <= n < 1.699	1.699 <= n < 1.719	1.719 <= n < 1.929	1.929 <= n < 2.164	2.164 <= n < 2.428	2.428 <= n < 2.724	2.724 <= n < 3.057
dust	355	0.05 <= d < 0.1	25	0	1	2	50	49	1	7	63	26	8	0	10	3	3	0	0		0	0	33	6	185	15	1	2	2	0	0	1	1	2	0	0	0	0
dust	355	0.1 <= d < 0.141	87	0	0	14	103	53	8	56	119	56	15	2	32	9	3	0	0		0	0	113	62	342	22	3	1	4	3	2	0	1	2	0	0	0	2
dust	355	0.141 <= d < 0.2	130	0	9	28	133	47	9	77	123	57	17	5	27	8	2	0	0		0	0	154	148	335	21	3	0	1	0	5	2	0	2	0	0	0	1
dust	355	0.2 <= d < 0.283	65	0	17	92	160	25	38	145	157	68	19	7	6	3	0	0	0		0	0	34	388	336	37	2	2	1	0	1	1	0	0	0	0	0	0
dust	355	0.283 <= d < 0.4	132	0	21	33	43	19	10	47	53	42	17	14	13	18	3	2	14		0	0	102	163	135	26	14	1	1	1	1	2	1	3	2	14	0	1
dust	355	0.4 <= d < 0.566	259	0	15	14	26	33	3	12	23	50	30	11	16	11	5	2	12		0	0	193	116	127	42	6	1	1	4	0	5	1	6	0	12	1	3
dust	355	0.566 <= d < 0.8	277	0	11	29	64	77	2	1	17	82	59	25	8	11	3	0	7		0	0	179	116	241	82	12	2	1	4	2	14	1	2	1	7	1	3
dust	355	0.8 <= d < 1.13	389	1	7	69	106	227	0	1	33	195	146	39	12	12	3	1	12		0	0	247	161	556	186	18	5	11	8	4	35	2	4	0	12	1	3
dust	355	1.13 <= d < 1.6	456	2	12	74	171	390	0	4	42	283	310	49	16	10	3	0	10		0	0	250	192	889	347	42	9	10	11	9	54	2	2	0	10	0	1
dust	355	1.6 <= d < 2.26	289	1	15	50	120	294	1	8	47	328	337	48	9	10	2	3	2		0	0	128	129	793	390	39	10	6	10	11	37	0	3	2	2	2	0
dust	355	2.26 <= d < 3.2	203	4	14	22	42	156	0	17	72	293	307	39	14	12	4	1	1		0	0	52	69	602	363	33	14	9	11	16	17	1	3	1	1	2	5
dust	355	3.2 <= d < 4.53	263	8	18	10	33	89	3	49	163	441	445	108	22	11	7	1	3		0	0	30	78	748	588	67	27	9	20	30	57	2	5	2	4	2	1
dust	355	4.53 <= d < 6.4	102	7	7	4	13	23	4	85	156	398	384	91	11	12	2	0	0		0	0	11	45	556	529	51	16	13	15	27	28	0	2	1	0	2	0
dust	355	6.4 <= d < 9.05	53	2	2	2	8	8	16	69	111	255	227	48	13	9	3	0	0		0	0	4	30	378	328	30	8	9	9	8	17	0	3	0	0	1	1
dust	355	9.05 <= d < 12.8	106	5	2	1	4	4	27	86	132	188	113	29	12	10	1	1	0		0	0	2	82	375	180	24	11	5	10	18	10	0	1	2	1	0	0
dust	355	12.8 <= d < 18.1	62	1	0	3	1	7	19	78	128	200	108	36	10	5	0	0	0		0	0	2	53	352	183	31	12	4	8	3	7	0	0	0	1	1	1
dust	355	18.1 <= d < 25.6	10	0	0	1	1	0	9	22	35	76	68	22	2	1	0	0	0		0	0	0	7	112	103	15	4	0	3	2	1	0	0	0	0	0	0
dust	355	25.6 <= d < 36.2	2	0	0	0	0	1	0	1	5	19	21	7	0	0	0	0	0		0	0	0	2	16	32	5	1	0	0	0	0	0	0	0	0	0	0

dust	380	0.05 <= d < 0.1	25	1	2	50	49	0	1	7	55	33	9	0	10	2	4	0	0		0	0	25	14	185	16	0	2	2	0	0	1	1	2	0	0	0	0
dust	380	0.1 <= d < 0.141	87	0	14	103	53	0	7	56	109	63	19	2	34	7	3	0	0		0	0	87	88	344	20	3	1	4	3	2	0	1	2	0	0	1	1
dust	380	0.141 <= d < 0.2	130	9	28	133	47	0	9	73	123	60	18	5	28	7	2	0	0		0	0	128	177	338	15	3	0	1	1	4	2	0	2	0	0	0	1
dust	380	0.2 <= d < 0.283	65	17	91	161	24	1	37	136	156	73	25	6	7	3	0	0	0		0	0	30	396	339	30	2	2	1	0	1	1	0	0	0	0	0	0
dust	380	0.283 <= d < 0.4	132	21	33	43	18	1	10	45	54	41	17	13	31	3	3	2	14		0	0	93	176	138	20	13	2	0	2	0	2	1	3	2	14	1	0
dust	380	0.4 <= d < 0.566	259	14	14	27	32	1	3	9	26	41	38	12	24	2	6	2	12		0	0	179	138	126	35	6	1	3	2	0	5	1	6	0	12	2	2
dust	380	0.566 <= d < 0.8	277	10	29	65	77	0	2	1	11	77	69	27	16	2	3	0	7		0	0	179	121	246	72	12	2	3	2	2	14	1	2	1	7	2	2
dust	380	0.8 <= d < 1.13	390	7	69	106	227	0	0	1	26	171	171	41	16	10	5	1	12		0	0	247	163	565	176	17	7	11	6	5	35	1	4	0	12	3	1
dust	380	1.13 <= d < 1.6	458	12	74	171	390	0	0	4	36	251	333	62	22	5	4	0	10		0	0	250	201	893	335	43	9	9	13	6	54	2	2	0	10	0	1
dust	380	1.6 <= d < 2.26	290	15	48	122	294	0	1	7	41	271	393	53	16	6	2	3	2		0	0	128	135	796	384	37	9	9	10	8	37	0	3	2	2	2	0
dust	380	2.26 <= d < 3.2	207	14	22	42	156	0	0	14	70	252	343	47	25	3	4	1	1		0	0	52	90	596	350	32	15	9	15	10	17	1	3	1	1	4	4
dust	380	3.2 <= d < 4.53	271	18	10	33	89	0	2	44	153	378	508	121	31	5	6	2	3		0	0	31	92	742	580	69	28	13	19	28	52	2	5	2	4	3	1
dust	380	4.53 <= d < 6.4	109	7	4	13	22	1	3	79	144	359	425	104	18	9	2	0	0		0	0	11	46	564	522	50	19	11	18	23	27	0	2	1	0	2	0
dust	380	6.4 <= d < 9.05	55	2	2	8	8	0	14	66	101	231	259	55	12	9	4	0	0		0	0	4	31	382	323	30	10	9	10	11	11	0	3	0	0	1	1
dust	380	9.05 <= d < 12.8	111	2	1	4	2	0	31	77	125	185	125	34	10	12	1	1	0		0	0	3	82	381	176	24	9	4	14	21	3	0	1	2	1	0	0
dust	380	12.8 <= d < 18.1	63	0	3	0	8	0	16	72	129	186	122	45	11	3	0	0	0		0	0	5	50	360	177	32	9	6	7	6	3	0	0	0	1	1	1
dust	380	18.1 <= d < 25.6	10	0	1	1	0	0	9	20	34	71	75	23	2	1	0	0	0		0	0	1	7	113	101	16	3	2	1	2	1	0	0	0	0	0	0
dust	380	25.6 <= d < 36.2	2	0	0	0	1	0	0	1	5	18	19	10	0	0	0	0	0		0	0	0	2	17	31	5	1	0	0	0	0	0	0	0	0	0	0

dust	441	0.05 <= d < 0.1	25	3	50	49	0	0	3	16	56	24	6	0	11	2	3	0	0		0	0	25	14	182	18	1	1	1	2	0	0	0	4	0	0	0	0
dust	441	0.1 <= d < 0.141	87	14	103	53	0	0	15	67	107	53	13	4	32	6	3	0	0		0	0	87	87	330	35	1	2	2	3	3	1	1	3	0	0	1	1
dust	441	0.141 <= d < 0.2	139	27	134	47	0	0	18	82	117	52	15	5	27	7	2	0	0		0	0	128	173	332	25	2	1	0	2	0	2	2	4	0	0	0	1
dust	441	0.2 <= d < 0.283	82	90	162	24	0	4	57	138	151	61	18	6	6	3	0	0	0		0	0	30	386	341	36	4	1	1	1	0	0	1	1	0	0	0	0
dust	441	0.283 <= d < 0.4	153	33	43	18	0	2	19	44	50	39	17	14	27	4	2	2	14		0	1	93	173	137	22	10	6	0	0	2	2	0	4	2	0	15	14
dust	441	0.4 <= d < 0.566	273	14	27	32	0	2	2	13	28	46	30	13	20	3	5	2	12		0	1	179	136	124	37	7	0	3	1	5	1	0	6	2	0	16	4
dust	441	0.566 <= d < 0.8	287	29	65	77	0	0	2	1	21	83	59	26	11	2	3	0	7		0	0	179	124	228	79	15	6	5	1	14	0	2	3	1	0	11	5
dust	441	0.8 <= d < 1.13	397	69	106	227	0	0	0	1	38	217	123	39	13	7	3	1	12		0	0	247	163	541	181	31	12	6	12	35	0	2	6	1	0	16	0
dust	441	1.13 <= d < 1.6	470	73	172	390	0	0	0	6	51	313	278	46	15	5	3	0	10		0	0	250	204	827	381	53	14	16	11	54	1	2	4	0	0	11	4
dust	441	1.6 <= d < 2.26	305	48	122	294	0	0	1	11	54	365	296	46	10	5	2	3	2		0	0	128	135	693	467	55	8	11	15	39	1	1	2	3	0	4	2
dust	441	2.26 <= d < 3.2	220	23	42	156	0	0	0	20	92	319	265	42	14	3	3	1	1		0	0	52	90	508	422	43	15	15	22	19	0	0	4	1	0	7	3
dust	441	3.2 <= d < 4.53	288	11	33	89	0	0	5	62	171	492	379	109	21	4	6	1	3		0	1	31	91	597	690	91	38	19	35	60	0	0	8	2	1	6	4
dust	441	4.53 <= d < 6.4	116	4	13	22	0	1	11	93	166	428	345	77	14	7	2	0	0		0	0	13	44	435	621	78	18	19	29	29	2	2	4	0	1	1	3
dust	441	6.4 <= d < 9.05	57	2	8	8	0	1	19	78	113	276	200	43	13	5	3	0	0		0	0	5	30	308	376	45	13	11	11	17	4	0	4	0	1	1	0
dust	441	9.05 <= d < 12.8	113	1	4	2	0	2	40	83	140	188	101	25	10	10	1	1	0		0	0	3	82	330	217	31	10	9	13	14	5	2	2	2	1	0	0
dust	441	12.8 <= d < 18.1	63	3	0	7	1	1	25	92	119	205	95	35	10	2	0	0	0		0	0	10	45	298	228	40	9	13	3	8	0	1	0	0	1	2	0
dust	441	18.1 <= d < 25.6	10	1	1	0	0	1	12	24	32	80	65	19	1	1	0	0	0		0	0	1	7	87	118	24	4	3	1	1	1	0	0	0	0	0	0
dust	441	25.6 <= d < 36.2	2	0	0	1	0	0	0	2	5	20	19	7	0	0	0	0	0		0	0	0	2	16	32	5	1	0	0	0	0	0	0	0	0	0	0

dust	467	0.05 <= d < 0.1	25	3	50	49	0	0	4	22	55	20	4	0	12	2	2	0	0		0	0	25	6	189	19	1	0	2	0	2	0	0	4	0	0	0	0
dust	467	0.1 <= d < 0.141	88	15	103	53	0	0	19	76	105	46	10	2	32	6	2	0	0		0	0	87	57	355	39	1	2	2	2	3	2	2	3	0	0	2	0
dust	467	0.141 <= d < 0.2	140	27	134	47	0	0	27	88	116	44	10	4	27	6	2	0	0		0	0	128	145	357	28	2	1	0	1	1	0	3	5	0	0	0	1
dust	467	0.2 <= d < 0.283	82	90	162	24	0	7	72	157	129	54	11	5	7	2	0	0	0		0	0	30	379	342	42	3	1	2	0	1	0	0	2	0	0	0	0
dust	467	0.283 <= d < 0.4	167	34	43	18	0	6	27	39	49	39	13	12	12	5	1	2	14		0	1	93	160	145	24	10	8	1	0	2	2	0	4	2	0	15	14
dust	467	0.4 <= d < 0.566	278	17	27	32	0	2	5	15	31	50	18	9	16	4	5	1	12		0	1	179	120	140	35	7	2	3	1	4	1	1	6	2	0	16	4
dust	467	0.566 <= d < 0.8	293	32	66	77	0	0	2	2	27	86	52	19	5	3	2	0	7		0	0	179	122	225	80	17	8	3	3	14	0	1	4	1	0	11	5
dust	467	0.8 <= d < 1.13	398	72	107	227	0	0	0	1	58	223	103	29	13	7	3	0	12		0	0	247	161	529	189	35	13	6	11	36	1	0	8	1	0	16	0
dust	467	1.13 <= d < 1.6	475	73	172	390	0	0	0	8	80	350	219	39	9	5	2	0	10		0	0	250	201	806	397	54	21	16	11	54	1	0	6	0	0	11	4
dust	467	1.6 <= d < 2.26	307	50	122	294	0	0	2	13	72	425	227	35	7	3	3	2	2		0	0	128	134	661	484	64	15	10	15	39	1	1	3	1	3	3	2
dust	467	2.26 <= d < 3.2	225	27	42	156	0	0	0	25	103	375	202	29	10	2	3	1	1		0	0	52	90	475	442	52	18	14	23	20	0	0	4	1	0	7	3
dust	467	3.2 <= d < 4.53	292	14	35	89	0	1	8	79	187	578	291	74	13	4	5	1	3		0	1	31	91	555	702	115	41	21	34	61	1	0	7	2	3	5	4
dust	467	4.53 <= d < 6.4	119	6	14	22	0	2	18	105	180	480	288	47	10	6	2	0	0		0	0	13	43	387	644	96	23	19	32	27	3	1	6	0	1	1	3
dust	467	6.4 <= d < 9.05	58	3	8	8	0	1	25	87	125	307	152	34	10	5	3	0	0		0	0	5	30	281	392	52	15	13	9	19	2	2	4	0	1	1	0
dust	467	9.05 <= d < 12.8	113	1	6	2	0	4	44	103	133	199	74	23	7	10	1	1	0		0	0	3	82	313	227	32	15	10	13	12	3	4	4	3	0	0	0
dust	467	12.8 <= d < 18.1	64	4	1	7	1	2	33	95	129	202	86	22	10	2	0	0	0		0	0	10	45	286	229	50	8	12	5	8	1	0	1	0	2	1	0
dust	467	18.1 <= d < 25.6	10	1	1	0	0	2	16	25	34	85	58	14	0	1	0	0	0		0	0	1	7	78	121	28	6	3	1	1	0	1	0	0	0	0	0
dust	467	25.6 <= d < 36.2	2	0	0	1	0	0	0	3	5	24	19	2	0	0	0	0	0		0	0	0	2	12	31	10	1	0	0	0	0	0	0	0	0	0	0

dust	532	0.05 <= d < 0.1	30	97	0	0	0	1	7	55	33	8	1	2	10	4	0	0	0		0	0	25	6	186	22	1	0	1	1	2	0	0	4	0	0	0	0
dust	532	0.1 <= d < 0.141	112	147	0	0	0	8	55	108	63	20	2	5	34	3	0	0	0		0	0	87	57	351	42	2	2	2	0	3	3	1	5	0	0	2	0
dust	532	0.141 <= d < 0.2	198	150	0	0	0	9	72	122	60	19	6	1	31	4	0	0	0		0	0	128	142	351	36	2	2	0	1	1	0	0	8	0	0	0	1
dust	532	0.2 <= d < 0.283	243	115	0	0	1	38	134	155	75	25	6	3	6	1	0	0	0		0	0	31	372	341	47	4	2	1	1	1	0	0	2	0	0	0	0
dust	532	0.283 <= d < 0.4	218	44	0	0	1	11	44	53	41	16	15	7	12	3	2	14	0		1	0	96	160	138	25	8	12	2	2	0	0	2	4	0	2	1	28
dust	532	0.4 <= d < 0.566	311	43	0	0	0	3	10	23	42	39	12	2	17	6	2	12	0		1	0	182	119	135	36	8	3	3	4	1	0	2	6	2	0	4	16
dust	532	0.566 <= d < 0.8	346	122	0	0	0	2	1	10	74	69	30	7	2	3	0	7	0		0	0	181	125	216	79	21	6	7	14	2	0	0	5	1	0	4	12
dust	532	0.8 <= d < 1.13	510	294	0	0	0	0	1	22	167	176	42	13	10	5	1	12	0		0	0	247	166	509	194	42	11	13	37	7	1	1	7	2	0	4	12
dust	532	1.13 <= d < 1.6	621	489	0	0	0	0	4	36	234	343	68	18	5	4	0	10	0		0	0	250	207	775	405	67	22	20	61	2	2	0	5	1	0	1	14
dust	532	1.6 <= d < 2.26	395	378	0	0	0	1	6	40	248	409	61	13	6	2	3	2	0		0	0	130	136	635	493	73	19	12	48	2	2	1	3	2	3	1	4
dust	532	2.26 <= d < 3.2	263	187	0	0	0	0	14	68	233	360	51	16	3	4	1	1	0		0	0	52	100	433	464	58	21	21	34	1	2	0	4	1	0	6	4
dust	532	3.2 <= d < 4.53	313	117	0	0	0	2	43	147	361	526	123	26	4	7	2	3	0		1	0	35	91	507	718	130	49	31	84	5	2	0	6	3	3	2	7
dust	532	4.53 <= d < 6.4	127	34	0	0	1	4	76	144	330	449	109	14	8	3	0	0	0		0	0	16	42	350	648	120	32	23	50	3	1	3	6	0	1	1	3
dust	532	6.4 <= d < 9.05	62	15	0	0	0	13	63	100	218	275	55	12	9	4	0	0	0		0	0	8	27	259	399	64	18	11	25	5	0	3	5	0	1	1	0
dust	532	9.05 <= d < 12.8	116	6	0	0	0	30	74	124	177	135	34	11	11	2	1	0	0		0	0	8	77	299	230	43	13	15	19	3	0	3	8	2	1	0	0
dust	532	12.8 <= d < 18.1	69	7	0	1	0	14	69	129	182	130	44	10	3	0	0	0	0		0	0	13	42	272	234	56	9	15	11	1	0	1	1	0	2	1	0
dust	532	18.1 <= d < 25.6	11	1	0	0	1	8	20	32	69	77	25	2	1	0	0	0	0		0	0	1	7	69	126	31	7	3	2	0	0	0	1	0	0	0	0
dust	532	25.6 <= d < 36.2	2	1	0	0	0	0	1	5	18	18	11	0	0	0	0	0	0		0	0	0	2	12	28	11	3	0	0	0	0	0	0	0	0	0	0

dust	630	0.05 <= d < 0.1	30	97	0	4	32	53	14	2	1	3	3	1	8	0	0	0	0		0	0	27	12	176	23	2	0	1	1	0	2	0	3	1	0	0	0
dust	630	0.1 <= d < 0.141	112	147	0	24	99	93	35	5	3	8	5	0	26	0	0	0	0		0	0	93	84	317	43	2	2	1	1	2	2	3	5	0	1	1	0
dust	630	0.141 <= d < 0.2	198	150	0	37	116	91	36	6	3	1	8	0	26	0	0	0	0		0	0	141	202	277	36	2	2	2	0	0	1	0	8	0	0	1	0
dust	630	0.2 <= d < 0.283	243	115	11	98	163	110	40	10	4	2	2	0	4	0	0	0	0		0	0	74	463	208	46	4	2	1	1	0	1	0	2	0	0	0	0
dust	630	0.283 <= d < 0.4	218	44	7	36	40	53	28	9	14	3	4	2	23	0	0	0	0		1	0	142	158	94	24	8	12	3	2	0	0	1	5	0	3	14	14
dust	630	0.4 <= d < 0.566	311	43	2	7	18	38	46	14	6	3	6	2	26	0	0	0	0		1	0	253	91	90	34	11	5	1	5	1	0	1	7	2	3	5	12
dust	630	0.566 <= d < 0.8	346	122	1	1	5	45	91	34	14	2	5	0	7	0	0	0	0		0	0	230	146	147	76	21	8	7	13	3	0	0	5	1	4	5	7
dust	630	0.8 <= d < 1.13	510	294	0	1	3	102	228	67	16	12	5	3	12	0	0	0	0		0	0	272	271	389	181	43	12	15	36	6	2	1	6	3	3	1	12
dust	630	1.13 <= d < 1.6	621	489	0	0	12	126	410	126	26	6	5	1	10	0	0	0	0		0	0	283	364	600	379	77	26	22	56	2	1	1	5	1	0	5	10
dust	630	1.6 <= d < 2.26	395	378	0	3	24	121	477	130	19	9	2	2	4	0	0	0	0		0	0	169	253	485	475	86	18	18	43	1	2	1	3	2	4	2	2
dust	630	2.26 <= d < 3.2	263	187	0	1	46	143	428	99	21	7	2	3	1	0	0	0	0		0	0	111	173	304	456	64	23	28	23	1	3	0	3	1	6	4	1
dust	630	3.2 <= d < 4.53	313	117	1	14	120	243	617	176	53	8	4	4	4	0	0	0	0		1	0	107	230	291	711	137	57	46	67	3	2	1	5	5	4	4	3
dust	630	4.53 <= d < 6.4	127	34	2	32	135	228	526	177	24	9	4	1	0	0	0	0	0		0	0	51	146	202	647	129	37	36	33	3	0	2	8	0	2	3	0
dust	630	6.4 <= d < 9.05	62	15	4	41	87	171	325	84	22	10	5	0	0	0	0	0	0		0	0	33	111	146	399	67	20	15	20	2	3	0	8	0	1	1	0
dust	630	9.05 <= d < 12.8	116	6	8	57	122	147	188	44	18	6	8	1	0	0	0	0	0		0	0	84	185	112	231	45	12	22	13	3	0	3	9	1	1	0	0
dust	630	12.8 <= d < 18.1	69	8	5	50	110	139	194	59	18	5	1	0	0	0	0	0	0		0	0	53	141	128	236	54	17	11	12	0	1	1	1	1	1	1	0
dust	630	18.1 <= d < 25.6	11	1	3	17	30	45	95	40	4	1	0	0	0	0	0	0	0		0	0	8	28	40	125	32	9	3	1	0	0	0	1	0	0	0	0
dust	630	25.6 <= d < 36.2	2	1	0	1	4	7	25	14	2	0	0	0	0	0	0	0	0		0	0	2	4	9	26	12	3	0	0	0	0	0	0	0	0	0	0

dust	660	0.05 <= d < 0.1	26	4	97	6	59	34	6	0	4	1	3	0	8	0	0	0	0		0	0	27	12	179	21	1	0	1	1	2	0	0	4	0	0	0	0
dust	660	0.1 <= d < 0.141	91	21	149	42	133	64	14	3	5	7	2	0	26	0	0	0	0		0	0	93	84	321	39	2	2	2	1	3	2	1	5	0	1	1	0
dust	660	0.141 <= d < 0.2	141	60	149	63	143	60	16	5	1	6	2	0	26	0	0	0	0		0	0	141	205	279	33	1	2	1	0	1	0	0	8	0	0	1	0
dust	660	0.2 <= d < 0.283	91	153	137	136	177	75	18	6	3	2	0	0	4	0	0	0	0		0	0	75	469	205	42	4	2	2	0	1	0	0	2	0	0	0	0
dust	660	0.283 <= d < 0.4	170	49	53	46	55	42	18	14	3	4	2	2	23	0	0	0	0		1	0	142	158	98	21	10	11	1	2	0	0	2	4	1	2	28	0
dust	660	0.4 <= d < 0.566	285	26	47	10	25	51	31	9	2	3	5	2	26	0	0	0	0		1	0	253	91	92	37	7	4	2	4	1	0	2	6	2	3	17	0
dust	660	0.566 <= d < 0.8	301	47	122	1	16	88	59	21	6	3	2	0	7	0	0	0	0		0	0	230	147	148	78	19	6	7	16	0	0	0	5	1	4	12	0
dust	660	0.8 <= d < 1.13	407	106	291	1	36	203	138	35	14	7	2	1	12	0	0	0	0		0	0	272	273	393	183	38	11	13	37	6	1	1	8	1	3	13	0
dust	660	1.13 <= d < 1.6	486	137	487	2	46	298	303	45	10	6	2	0	10	0	0	0	0		0	0	283	365	613	382	65	24	23	52	2	2	0	6	0	0	15	0
dust	660	1.6 <= d < 2.26	318	80	375	9	48	345	326	43	9	4	3	2	2	0	0	0	0		0	0	169	256	497	480	68	19	16	43	1	2	1	2	2	4	4	0
dust	660	2.26 <= d < 3.2	231	33	186	13	80	312	291	35	12	3	3	1	1	0	0	0	0		0	0	111	175	325	443	61	19	28	21	1	2	0	4	1	5	5	0
dust	660	3.2 <= d < 4.53	296	17	122	42	167	476	418	108	15	3	6	1	3	0	0	0	0		1	0	107	234	318	703	128	47	46	65	3	1	0	6	4	4	7	0
dust	660	4.53 <= d < 6.4	121	7	41	67	167	427	376	74	11	6	2	0	0	0	0	0	0		0	0	51	152	221	648	113	28	37	33	1	2	2	6	0	2	3	0
dust	660	6.4 <= d < 9.05	58	5	26	61	119	268	227	43	11	5	3	0	0	0	0	0	0		0	0	33	116	156	395	58	22	14	17	5	0	3	5	0	1	1	0
dust	660	9.05 <= d < 12.8	114	4	31	89	137	188	111	27	8	10	1	1	0	0	0	0	0		0	0	84	187	115	234	40	12	21	11	3	0	3	9	1	1	0	0
dust	660	12.8 <= d < 18.1	66	4	23	80	131	203	108	31	10	2	0	0	0	0	0	0	0		0	0	54	144	133	232	58	8	12	11	1	1	0	1	1	1	1	0
dust	660	18.1 <= d < 25.6	11	0	9	23	33	80	70	20	0	1	0	0	0	0	0	0	0		0	0	8	29	44	123	31	8	2	1	0	0	1	0	0	0	0	0
dust	660	25.6 <= d < 36.2	2	0	1	1	6	21	18	7	0	0	0	0	0	0	0	0	0		0	0	2	4	10	27	10	3	0	0	0	0	0	0	0	0	0	0

dust	670	0.05 <= d < 0.1	25	3	51	54	69	26	4	0	4	2	2	0	8	0	0	0	0		0	0	27	12	179	21	1	0	1	1	2	0	0	4	0	0	0	0
dust	670	0.1 <= d < 0.141	88	15	106	100	140	57	9	2	8	6	0	0	26	0	0	0	0		0	0	93	84	321	39	2	2	2	1	3	2	1	5	0	1	1	0
dust	670	0.141 <= d < 0.2	140	27	137	120	144	57	8	4	1	8	0	0	26	0	0	0	0		0	0	141	205	279	33	1	2	1	0	1	0	0	8	0	0	1	0
dust	670	0.2 <= d < 0.283	82	90	190	180	174	61	12	4	3	2	0	0	4	0	0	0	0		0	0	75	469	205	42	4	2	2	0	1	0	0	2	0	0	0	0
dust	670	0.283 <= d < 0.4	167	34	56	66	57	42	13	13	2	5	1	16	9	0	0	0	0		1	0	142	158	98	21	10	11	1	2	0	0	2	4	1	2	28	0
dust	670	0.4 <= d < 0.566	278	17	32	41	35	55	19	7	2	7	3	12	14	0	0	0	0		1	0	253	91	92	37	7	4	2	4	1	0	2	6	2	3	17	0
dust	670	0.566 <= d < 0.8	293	32	68	79	27	90	50	19	3	5	0	7	0	0	0	0	0		0	0	230	147	148	78	19	6	7	16	0	0	0	5	1	4	12	0
dust	670	0.8 <= d < 1.13	398	72	107	228	57	229	104	25	12	6	3	12	0	0	0	0	0		0	0	272	273	393	183	38	11	13	37	6	1	1	8	1	3	13	0
dust	670	1.13 <= d < 1.6	475	73	172	395	69	376	216	32	8	5	1	10	0	0	0	0	0		0	0	283	365	613	382	65	24	23	52	2	2	0	6	0	0	15	0
dust	670	1.6 <= d < 2.26	307	50	123	307	58	445	227	30	8	3	2	4	0	0	0	0	0		0	0	169	256	497	480	68	19	16	43	1	2	1	2	2	4	4	0
dust	670	2.26 <= d < 3.2	225	27	42	180	86	396	203	26	10	2	2	2	0	0	0	0	0		0	0	111	175	325	443	61	19	28	21	1	2	0	4	1	5	5	0
dust	670	3.2 <= d < 4.53	292	15	41	149	186	609	296	62	12	3	5	4	0	0	0	0	0		1	0	107	234	318	703	128	47	46	65	3	1	0	6	4	4	7	0
dust	670	4.53 <= d < 6.4	119	7	29	98	182	516	292	41	8	5	2	0	0	0	0	0	0		0	0	51	152	221	648	113	28	37	33	1	2	2	6	0	2	3	0
dust	670	6.4 <= d < 9.05	58	6	31	69	134	330	153	27	10	8	0	0	0	0	0	0	0		0	0	33	116	156	395	58	22	14	17	5	0	3	5	0	1	1	0
dust	670	9.05 <= d < 12.8	113	6	39	103	141	205	75	22	6	10	0	1	0	0	0	0	0		0	0	84	187	115	234	40	12	21	11	3	0	3	9	1	1	0	0
dust	670	12.8 <= d < 18.1	65	6	25	96	137	211	87	22	8	1	0	0	0	0	0	0	0		0	0	54	144	133	232	58	8	12	11	1	1	0	1	1	1	1	0
dust	670	18.1 <= d < 25.6	10	1	10	23	38	92	61	11	0	1	0	0	0	0	0	0	0		0	0	8	29	44	123	31	8	2	1	0	0	1	0	0	0	0	0
dust	670	25.6 <= d < 36.2	2	0	0	3	6	25	18	2	0	0	0	0	0	0	0	0	0		0	0	2	4	10	27	10	3	0	0	0	0	0	0	0	0	0	0

dust	869	0.05 <= d < 0.1	25	3	51	89	57	7	0	4	2	2	0	0	8	0	0	0	0		0	0	27	13	181	18	1	0	2	0	2	0	0	4	0	0	0	0
dust	869	0.1 <= d < 0.141	88	16	112	179	104	15	3	8	6	0	0	0	26	0	0	0	0		0	0	93	91	317	37	1	3	1	2	3	2	2	3	0	2	0	0
dust	869	0.141 <= d < 0.2	140	27	158	199	91	18	4	1	8	0	0	0	26	0	0	0	0		0	0	141	208	283	26	2	1	1	0	1	0	3	5	0	0	1	0
dust	869	0.2 <= d < 0.283	82	99	248	238	103	18	5	3	2	0	0	0	4	0	0	0	0		0	0	77	473	201	42	3	1	2	0	1	0	0	2	0	0	0	0
dust	869	0.283 <= d < 0.4	167	40	77	73	60	18	13	2	5	1	2	14	9	0	0	0	0		1	0	146	156	96	25	9	8	1	2	0	2	0	4	2	1	28	0
dust	869	0.4 <= d < 0.566	278	19	37	54	58	29	9	2	7	3	0	12	14	0	0	0	0		1	0	257	91	92	35	6	3	2	5	0	1	1	6	2	4	16	0
dust	869	0.566 <= d < 0.8	293	34	68	92	84	66	21	3	3	2	0	7	0	0	0	0	0		0	0	238	142	149	79	16	8	3	16	0	0	1	5	0	4	12	0
dust	869	0.8 <= d < 1.13	398	72	107	257	203	150	32	13	6	3	0	12	0	0	0	0	0		0	0	280	267	395	190	30	14	8	42	1	1	0	8	1	4	12	0
dust	869	1.13 <= d < 1.6	475	73	174	431	295	316	43	9	5	1	0	10	0	0	0	0	0		0	0	294	355	621	390	54	20	21	53	3	0	0	6	0	1	14	0
dust	869	1.6 <= d < 2.26	307	51	132	326	340	354	37	7	4	2	2	2	0	0	0	0	0		0	0	171	259	514	472	59	15	18	40	2	1	1	3	1	4	4	0
dust	869	2.26 <= d < 3.2	225	27	58	218	311	314	31	11	1	3	1	1	0	0	0	0	0		0	0	120	172	339	432	55	17	29	19	3	0	0	4	1	6	4	0
dust	869	3.2 <= d < 4.53	293	19	80	218	462	488	89	13	3	5	1	3	0	0	0	0	0		1	0	111	232	348	697	119	35	43	64	2	1	0	8	2	4	7	0
dust	869	4.53 <= d < 6.4	120	18	72	159	427	427	59	9	6	2	0	0	0	0	0	0	0		0	0	53	153	253	638	97	21	36	33	0	3	1	6	1	1	3	0
dust	869	6.4 <= d < 9.05	61	22	52	110	277	247	39	10	6	2	0	0	0	0	0	0	0		0	0	33	123	170	388	48	18	14	20	2	2	2	4	1	1	0	0
dust	869	9.05 <= d < 12.8	116	30	79	132	197	124	24	7	11	0	1	0	0	0	0	0	0		0	0	84	191	127	225	35	12	19	14	0	3	4	5	2	0	0	0
dust	869	12.8 <= d < 18.1	66	26	66	118	220	125	26	9	2	0	0	0	0	0	0	0	0		0	0	54	152	139	229	48	10	10	10	1	1	0	1	1	2	0	0
dust	869	18.1 <= d < 25.6	10	10	14	32	87	79	14	0	1	0	0	0	0	0	0	0	0		0	0	8	30	48	122	29	6	2	1	0	0	1	0	0	0	0	0
dust	869	25.6 <= d < 36.2	2	0	2	5	21	24	2	0	0	0	0	0	0	0	0	0	0		0	0	2	4	10	31	8	1	0	0	0	0	0	0	0	0	0	0

dust	1021	0.05 <= d < 0.1	25	2	6	126	69	4	1	3	4	0	0	0	8	0	0	0	0		0	0	27	15	184	14	0	2	0	2	0	0	1	3	0	0	0	0
dust	1021	0.1 <= d < 0.141	87	8	44	243	123	10	4	9	3	0	0	0	26	0	0	0	0		0	0	94	95	323	27	2	2	2	4	1	2	0	3	0	2	0	0
dust	1021	0.141 <= d < 0.2	134	11	112	253	114	10	3	3	6	0	0	0	26	0	0	0	0		0	0	141	219	283	15	3	0	1	1	1	3	2	2	0	0	1	0
dust	1021	0.2 <= d < 0.283	68	43	249	293	123	14	5	1	2	0	0	0	4	0	0	0	0		0	0	106	458	200	31	2	2	1	0	0	1	1	0	0	0	0	0
dust	1021	0.283 <= d < 0.4	151	34	84	93	58	15	15	2	4	2	14	0	9	0	0	0	0		1	0	164	143	98	21	13	2	0	3	1	0	0	4	2	15	14	0
dust	1021	0.4 <= d < 0.566	268	22	39	61	63	27	5	3	6	2	12	0	14	0	0	0	0		1	0	282	68	93	34	6	3	1	4	2	0	1	6	1	16	4	0
dust	1021	0.566 <= d < 0.8	286	20	70	121	89	56	17	2	5	0	7	0	0	0	0	0	0		0	0	283	103	156	70	16	5	4	14	0	2	0	4	0	11	5	0
dust	1021	0.8 <= d < 1.13	390	32	119	305	240	117	20	10	6	2	12	0	0	0	0	0	0		0	0	371	198	399	178	19	12	14	36	1	2	2	4	1	16	0	0
dust	1021	1.13 <= d < 1.6	464	32	179	482	376	250	30	3	5	1	10	0	0	0	0	0	0		0	0	418	237	662	364	41	16	18	55	0	2	0	4	0	11	4	0
dust	1021	1.6 <= d < 2.26	298	29	126	366	438	269	21	9	2	4	2	0	0	0	0	0	0		0	0	268	169	573	432	40	10	18	40	2	1	0	3	2	4	2	0
dust	1021	2.26 <= d < 3.2	220	15	68	227	385	249	24	7	4	1	1	0	0	0	0	0	0		0	0	190	108	393	394	37	19	24	21	0	0	0	4	1	7	3	0
dust	1021	3.2 <= d < 4.53	287	28	89	190	629	372	62	5	6	3	3	0	0	0	0	0	0		1	0	228	131	445	637	82	27	39	63	0	0	1	8	2	6	4	0
dust	1021	4.53 <= d < 6.4	118	32	70	140	543	351	32	8	5	0	0	0	0	0	0	0	0		0	0	103	112	348	580	56	21	34	30	4	1	2	3	1	1	3	0
dust	1021	6.4 <= d < 9.05	63	36	41	105	347	194	26	10	4	0	0	0	0	0	0	0	0		0	0	74	89	224	350	34	14	13	18	4	0	1	3	1	1	0	0
dust	1021	9.05 <= d < 12.8	120	44	81	106	240	97	19	9	4	1	0	0	0	0	0	0	0		0	0	141	142	169	187	30	9	17	12	3	5	2	2	2	0	0	0
dust	1021	12.8 <= d < 18.1	69	40	70	101	253	99	20	5	1	0	0	0	0	0	0	0	0		0	0	97	120	165	211	31	11	10	9	0	1	0	0	1	2	0	0
dust	1021	18.1 <= d < 25.6	13	10	13	27	103	76	4	1	0	0	0	0	0	0	0	0	0		0	0	21	20	66	112	21	3	2	1	1	0	0	0	0	0	0	0
dust	1021	25.6 <= d < 36.2	2	1	1	4	24	22	2	0	0	0	0	0	0	0	0	0	0		0	0	3	5	11	32	5	0	0	0	0	0	0	0	0	0	0	0

dust	1638	0.05 <= d < 0.1	0	0	0	28	59	141	4	3	3	2	0	0	8	0	0	0	0		0	0	27	15	177	21	0	2	0	2	0	0	1	3	0	0	0	0
dust	1638	0.1 <= d < 0.141	0	0	1	94	160	252	8	7	7	2	0	0	26	0	0	0	0		0	0	94	95	299	51	2	2	2	4	1	2	0	3	0	2	0	0
dust	1638	0.141 <= d < 0.2	0	0	5	143	260	219	9	2	6	2	0	0	26	0	0	0	0		0	0	141	219	257	41	3	1	0	1	1	3	2	2	0	0	1	0
dust	1638	0.2 <= d < 0.283	25	4	10	80	472	190	11	3	3	0	0	0	4	0	0	0	0		0	0	106	458	196	35	2	2	1	0	0	1	1	0	0	0	0	0
dust	1638	0.283 <= d < 0.4	33	1	18	137	141	92	21	7	4	2	2	14	9	0	0	0	0		1	0	164	143	89	30	14	1	2	1	1	0	0	4	2	15	14	0
dust	1638	0.4 <= d < 0.566	31	4	46	218	56	103	25	3	4	5	1	12	14	0	0	0	0		1	0	282	68	79	48	6	3	5	0	2	0	1	6	1	16	4	0
dust	1638	0.566 <= d < 0.8	63	6	32	214	109	173	57	7	3	2	0	7	0	0	0	0	0		0	0	283	103	157	69	16	7	16	0	0	2	0	4	0	11	5	0
dust	1638	0.8 <= d < 1.13	124	8	12	282	190	488	110	16	8	3	0	12	0	0	0	0	0		0	0	371	198	400	177	23	14	43	1	1	2	2	4	1	16	0	0
dust	1638	1.13 <= d < 1.6	186	6	29	300	246	828	200	19	6	2	0	10	0	0	0	0	0		0	0	418	237	662	373	37	27	55	2	0	2	0	4	0	11	4	0
dust	1638	1.6 <= d < 2.26	135	4	40	173	171	802	213	14	5	3	2	2	0	0	0	0	0		0	0	268	169	575	436	36	21	43	2	2	1	0	3	2	4	2	0
dust	1638	2.26 <= d < 3.2	90	10	83	102	81	622	188	17	3	3	1	1	0	0	0	0	0		0	0	190	108	393	401	35	36	20	3	0	0	0	4	1	7	3	0
dust	1638	3.2 <= d < 4.53	162	17	107	125	79	839	305	26	5	5	1	3	0	0	0	0	0		1	0	228	131	446	641	84	51	68	3	0	0	1	8	2	6	4	0
dust	1638	4.53 <= d < 6.4	56	18	85	88	50	689	290	15	6	2	0	0	0	0	0	0	0		0	0	103	112	349	585	60	37	38	1	3	1	2	3	1	1	3	0
dust	1638	6.4 <= d < 9.05	22	17	67	59	40	450	147	16	5	3	0	0	0	0	0	0	0		0	0	74	89	224	354	34	19	21	1	4	0	1	3	1	1	0	0
dust	1638	9.05 <= d < 12.8	24	32	141	85	36	298	81	12	10	1	1	0	0	0	0	0	0		0	0	141	142	169	190	28	22	15	0	3	5	2	2	2	0	0	0
dust	1638	12.8 <= d < 18.1	9	22	94	78	36	311	95	11	2	0	0	0	0	0	0	0	0		0	0	97	120	165	218	27	14	11	2	0	1	0	0	1	2	0	0
dust	1638	18.1 <= d < 25.6	2	9	16	12	13	132	60	2	1	0	0	0	0	0	0	0	0		0	0	21	20	66	117	17	3	2	0	1	0	0	0	0	0	0	0
dust	1638	25.6 <= d < 36.2	0	0	4	2	2	30	18	0	0	0	0	0	0	0	0	0	0		0	0	3	5	11	32	5	0	0	0	0	0	0	0	0	0	0	0

dust	2000	0.05 <= d < 0.1	25	0	0	2	4	186	15	2	3	3	0	0	8	0	0	0	0		0	0	27	15	177	21	0	2	0	2	0	0	1	3	0	0	0	0
dust	2000	0.1 <= d < 0.141	87	0	0	8	46	338	36	5	8	3	0	0	26	0	0	0	0		0	0	94	95	300	50	2	2	2	4	1	2	0	3	0	2	0	0
dust	2000	0.141 <= d < 0.2	130	0	2	17	123	326	36	3	7	2	0	0	26	0	0	0	0		0	0	141	219	257	41	3	1	0	1	1	3	2	2	0	1	0	0
dust	2000	0.2 <= d < 0.283	65	2	4	49	310	312	49	4	3	0	0	0	4	0	0	0	0		0	0	119	445	196	35	2	2	1	0	0	1	1	0	0	0	0	0
dust	2000	0.283 <= d < 0.4	146	0	5	34	108	112	31	14	3	3	2	14	9	0	0	0	0		1	0	169	138	90	29	14	3	0	1	1	0	0	4	2	15	14	0
dust	2000	0.4 <= d < 0.566	263	0	5	29	46	94	43	5	4	5	2	12	14	0	0	0	0		1	0	286	64	79	49	7	5	1	0	2	0	1	6	1	16	4	0
dust	2000	0.566 <= d < 0.8	282	0	3	27	73	161	98	17	2	3	0	7	0	0	0	0	0		0	0	297	89	157	70	18	16	4	0	0	2	0	4	0	11	5	0
dust	2000	0.8 <= d < 1.13	389	0	1	29	145	414	226	22	11	3	1	12	0	0	0	0	0		0	0	387	182	400	178	26	44	9	1	1	2	3	3	1	16	0	0
dust	2000	1.13 <= d < 1.6	460	0	6	41	179	643	455	29	6	3	0	10	0	0	0	0	0		0	0	445	210	663	375	43	71	2	2	0	2	0	4	0	11	4	0
dust	2000	1.6 <= d < 2.26	291	0	11	43	113	510	560	23	6	2	3	2	0	0	0	0	0		0	0	296	141	577	439	36	54	5	2	2	1	0	3	4	2	2	0
dust	2000	2.26 <= d < 3.2	204	0	24	48	55	317	517	27	4	3	1	1	0	0	0	0	0		0	0	240	58	395	400	40	48	2	3	0	0	0	4	3	7	1	0
dust	2000	3.2 <= d < 4.53	265	8	41	83	64	319	819	59	6	6	1	3	0	0	0	0	0		1	0	328	31	446	648	91	101	4	3	0	0	1	8	4	5	3	0
dust	2000	4.53 <= d < 6.4	106	8	56	57	48	246	736	31	9	2	0	0	0	0	0	0	0		0	0	198	17	350	590	62	62	5	1	3	1	2	3	1	1	3	0
dust	2000	6.4 <= d < 9.05	54	12	44	46	32	159	441	25	10	3	0	0	0	0	0	0	0		0	0	157	6	226	354	37	31	4	1	4	0	1	3	1	1	0	0
dust	2000	9.05 <= d < 12.8	106	25	63	77	36	130	253	17	12	1	1	0	0	0	0	0	0		0	0	272	11	169	195	28	29	3	0	3	5	2	2	2	0	0	0
dust	2000	12.8 <= d < 18.1	61	19	53	61	38	142	260	21	3	0	0	0	0	0	0	0	0		0	0	210	7	167	218	31	16	3	2	0	1	0	0	2	1	0	0
dust	2000	18.1 <= d < 25.6	10	7	11	11	6	53	144	4	1	0	0	0	0	0	0	0	0		0	0	40	1	67	119	17	2	0	0	1	0	0	0	0	0	0	0
dust	2000	25.6 <= d < 36.2	2	0	1	3	1	11	36	2	0	0	0	0	0	0	0	0	0		0	0	7	1	11	32	5	0	0	0	0	0	0	0	0	0	0	0
